4470971.219	446367.3453	10
4470971.974	446365.3701	10
4470972.542	446363.3937	10
4470972.927	446361.4159	10
4470973.495	446359.4395	10
4470973.88	446357.4617	10
4470974.452	446355.4853	10
4470974.833	446353.5076	10
4470975.217	446351.5298	10
4470975.602	446349.552	10
4470975.987	446347.5743	10
4470976.185	446345.4549	10
4470976.388	446343.3355	10
4470976.403	446341.2148	10
4470976.418	446339.0887	10
4470976.246	446336.9667	10
4470975.706	446334.9823	10
4470975.166	446332.998	10
4470973.887	446330.868	10
4470972.606	446328.8783	10
4470971.135	446327.3082	10
4470969.483	446325.8825	10
4470967.641	446324.4555	20
4470965.618	446323.0272	20
4470963.404	446321.7377	20
4470961.751	446320.5927	20
4470959.905	446319.5919	20
4470958.064	446318.4455	20
4470956.036	446317.2977	20
4470954.196	446316.1567	20
4470951.984	446315.0076	20
4470949.956	446313.8598	20
4470947.746	446312.5704	20
4470945.348	446311.4254	20
4470942.766	446310.2737	20
4470940.185	446308.9816	20
4470937.791	446307.691	20
4470935.395	446306.2599	20
4470932.815	446304.8276	20
4470930.235	446303.3952	20
4470928.393	446302.3891	20
4470926.551	446301.3884	20
4470924.706	446300.3822	20
4470922.864	446299.3815	20
4470921.207	446298.2363	20
4470919.181	446297.2289	20
4470917.336	446296.2281	20
4470915.311	446295.0804	20
4470913.466	446294.0796	20
4470911.441	446293.0721	20
4470909.413	446291.9298	20
4470907.384	446290.9223	20
4470905.356	446289.7745	20
4470903.332	446288.6321	20
4470901.304	446287.4844	20
4470899.092	446286.3353	20
4470896.881	446285.1862	20
4470894.853	446284.0438	20
4470892.642	446282.8947	20
4470890.614	446281.7469	20
4470888.403	446280.6032	20
4470886.191	446279.4541	20
4470883.98	446278.305	20
4470881.952	446277.1572	20
4470879.741	446276.0135	20
4470877.713	446274.8657	20
4470875.685	446273.7179	20
4470873.475	446272.4285	20
4470871.446	446271.4264	20
4470869.421	446270.2786	20
4470867.577	446269.1322	20
4470865.553	446267.9898	20
4470863.525	446266.842	20
4470861.683	446265.8412	20
4470859.655	446264.6935	20
4470857.814	446263.547	20
4470855.785	446262.5449	20
4470853.944	446261.3984	20
4470852.473	446259.974	20
4470850.632	446258.8275	20
4470848.052	446257.3952	20
4470846.21	446256.389	20
4470843.63	446254.9566	20
4470841.05	446253.5243	20
4470838.47	446252.0919	15
4470836.073	446250.8011	15
4470834.04	446250.3602	15
4470831.458	446249.2139	15
4470829.063	446248.0634	15
4470827.221	446247.203	15
4470824.637	446246.3318	15
4470822.235	446245.6077	15
4470819.466	446245.0212	15
4470817.061	446244.7233	15
4470814.472	446244.7048	15
4470811.881	446244.8265	15
4470809.658	446245.237	15
4470807.247	446245.7863	15
4470805.21	446246.4787	15
4470802.981	446247.31	15
4470800.94	446248.4287	15
4470799.078	446249.8292	15
4470797.218	446251.3701	15
4470795.356	446253.197	15
4470793.859	446255.1669	15
4470792.549	446257.2783	15
4470791.425	446259.5369	15
4470790.668	446261.7926	15
4470790.097	446264.1954	15
4470789.71	446266.4538	15
4470789.694	446268.7203	15
4470789.677	446270.9813	15
4470789.846	446273.1034	15
4470790.387	446275.3739	15
4470791.109	446277.4999	15
4470791.835	446279.626	15
4470792.932	446281.6144	15
4470794.214	446283.4638	15
4470795.867	446285.3158	15
4470797.516	446287.0222	15
4470799.541	446288.5963	15
4470801.752	446289.8857	15
4470804.15	446291.0308	15
4470806.546	446292.0409	15
4470809.318	446292.7677	15
4470812.275	446293.2152	15
4470814.494	446293.3713	15
4470816.529	446293.5262	15
4470818.561	446293.5408	15
4470820.597	446293.5553	15
4470822.816	446293.5712	15
4470825.037	446293.4468	15
4470827.074	446293.3211	15
4470829.482	446293.0523	15
4470831.703	446292.9279	15
4470834.108	446292.659	15
4470836.515	446292.536	15
4470838.737	446292.2712	15
4470841.145	446292.0025	15
4470843.736	446291.8807	15
4470846.14	446291.7576	15
4470848.732	446291.4955	15
4470851.14	446291.367	15
4470853.732	446291.105	15
4470856.323	446290.9832	15
4470858.728	446290.7144	15
4470861.319	446290.5926	15
4470863.91	446290.4708	15
4470866.501	446290.3491	15
4470869.092	446290.2219	15
4470871.683	446290.1001	15
4470874.272	446290.1187	15
4470877.05	446289.9983	15
4470879.64	446290.0168	15
4470882.414	446290.0366	15
4470885.003	446290.1955	15
4470887.779	446290.3557	18
4470890.55	446290.6615	18
4470893.138	446290.9606	18
4470895.909	446291.4068	18
4470898.495	446291.8516	18
4470901.268	446292.4327	18
4470904.036	446293.3052	18
4470906.621	446294.0306	18
4470909.391	446295.038	18
4470912.157	446296.0508	18
4470914.739	446297.1971	18
4470917.508	446298.3502	18
4470920.272	446299.6435	18
4470922.853	446300.9356	18
4470925.62	446302.3693	18
4470928.201	446303.6613	18
4470930.964	446305.095	18
4470933.544	446306.5273	18
4470936.124	446307.965	18
4470938.704	446309.2517	18
4470941.284	446310.6894	18
4470943.681	446312.1204	18
4470945.89	446313.5501	18
4470948.099	446314.9798	18
4470950.494	446316.1302	18
4470952.521	446317.4183	18
4470954.549	446318.5606	18
4470956.39	446319.7071	18
4470958.231	446320.8535	18
4470960.075	446321.9999	5
4470962.467	446323.5712	5
4470964.124	446324.7164	5
4470966.332	446326.4266	5
4470968.539	446328.1423	5
4470970.377	446330.136	5
4470971.84	446332.2672	5
4470972.935	446334.6819	5
4470973.656	446336.9482	5
4470974.196	446339.3589	5
4470974.363	446341.7615	5
4470974.346	446344.0279	5
4470974.148	446346.1473	5
4470973.763	446348.125	5
4470973.192	446350.5278	5
4470972.064	446352.7808	5
4470970.938	446354.8936	5
4470969.447	446356.5828	5
4470967.588	446357.9834	5
4470965.729	446358.8174	5
4470963.504	446359.6541	5
4470961.465	446360.4868	5
4470959.607	446361.3207	5
4470957.75	446362.4407	5
4470956.259	446364.1246	5
4470955.134	446366.097	5
4470954.934	446368.3621	5
4470955.474	446370.3465	5
4470956.757	446372.0502	5
4470958.414	446373.1953	5
4470960.44	446374.057	5
4470962.475	446374.2172	5
4470964.698	446373.8068	5
4470966.741	446372.8338	5
4470968.417	446371.2862	5
4470969.724	446369.7414	5
4470970.661	446367.9079	5